1.000000 0.541069 0.182667 0.121941
0.980000 0.535041 0.185386 0.122723
0.960000 0.529549 0.187844 0.123617
0.940000 0.523668 0.190672 0.124279
0.920000 0.517038 0.193894 0.124847
0.900000 0.510187 0.197157 0.125589
0.880000 0.503601 0.200406 0.126152
0.860000 0.496672 0.203787 0.126630
0.840000 0.489055 0.207583 0.126913
0.820000 0.480710 0.211914 0.127079
0.800000 0.472207 0.216375 0.127115
0.780000 0.464262 0.220481 0.127103
0.760000 0.455290 0.225305 0.126877
0.740000 0.445489 0.230682 0.126221
0.720000 0.435489 0.236305 0.125328
0.700000 0.425018 0.242183 0.124291
0.680000 0.413022 0.249042 0.122624
0.660000 0.402010 0.255809 0.120452
0.640000 0.388545 0.263778 0.117530
0.620000 0.373962 0.272837 0.113577
0.600000 0.358219 0.282909 0.108441
0.580000 0.340348 0.294703 0.101547
0.560000 0.320356 0.308100 0.092535
0.540000 0.297651 0.323831 0.080238
0.520000 0.267700 0.344673 0.061151
0.500000 0.223189 0.375162 0.027917
0.480000 0.190497 0.397197 0.000430
0.460000 0.190033 0.397482 0.000000
0.440000 0.190022 0.397516 0.000000
0.420000 0.189988 0.397477 0.000000
0.400000 0.189983 0.397572 0.000000
0.380000 0.190057 0.397608 0.000000
0.360000 0.189827 0.397536 0.000000
0.340000 0.190004 0.397640 0.000000
0.320000 0.189926 0.397616 0.000000
0.300000 0.190012 0.397499 0.000000
0.280000 0.189899 0.397530 0.000000
0.260000 0.189914 0.397563 0.000000
0.240000 0.189957 0.397738 0.000000
0.220000 0.190013 0.397408 0.000000
0.200000 0.190012 0.397628 0.000000
0.180000 0.190071 0.397649 0.000000
0.160000 0.189950 0.397699 0.000000
0.140000 0.189896 0.397566 0.000000
0.120000 0.189909 0.397434 0.000000
0.100000 0.189992 0.397666 0.000000
